295
262
239
216
200
195
203
231
257
286
339
370
377
418
453
514
572
742
808
1018
1019
1016
862
721
624
506
405
477
677
867
763
598
495
428
390
369
321
316
307
372
405
360
332
301
259
259
213
194
194
214
231
258
275
290
342
362
405
388
382
308
275
229
194
194
194
194
194
194
195
199
200
200
204
195
202
211
229
241
255
265
288
300
325
384
406
488
499
653
821
1018
1019
1019
1019
1019
1018
1017
1017
1019
1017
1015
924
888
778
822
1016
1015
833
745
692
531
508
449
518
516
439
362
369
313
272
262
210
207
194
200
229
201
194
202
211
194
194
194
200
211
216
246
249
275
273
296
297
264
222
204
201
194
194
194
194
204
237
251
257
372
452
1015
1019
1019
1019
1019
1018
722
318
275
194
194
194
194
207
202
203
226
214
213
236
238
263
296
295
307
346
359
335
359
364
490
482
476
632
575
626
668
820
861
752
1018
1017
1016
1017
1017
842
967
735
527
562
501
420
434
416
373
389
377
350
325
311
286
261
250
266
248
233
219
218
209
199
202
199
194
194
194
194
194
194
194
194
194
194
194
194
195
224
250
293
242
317
333
455
417
513
458
588
487
867
729
1018
1017
1017
753
551
506
406
383
351
450
490
679
722
1016
1018
778
663
750
722
586
550
508
407
351
324
274
250
207
194
194
211
245
287
292
389
386
506
387
621
554
560
567
589
665
738
1016
1017
1019
1018
1017
1013
936
939
831
568
600
575
498
471
456
401
406
382
373
364
331
334
328
305
290
273
251
250
245
241
240
239
233
212
203
194
194
201
194
199
203
220
240
264
266
268
265
294
311
287
308
318
342
343
325
348
370
340
389
376
397
421
426
456
471
585
575
697
1017
1019
1020
1019
1018
1019
1019
1019
1019
1019
1019
1019
1019
1019
1019
1018
1019
1018
1019
1019
1018
1019
1019
1019
1019
1019
1019
1019
1019
1019
1019
1018
1019
1019
1019
1019
1019
1019
1018
1019
1019
1019
1019
1019
1019
1019
1018
663
535
478
393
344
305
302
248
247
232
194
194
193
194
206
231
254
287
299
288
335
328
323
323
392
418
440
531
696
712
713
714
722
1018
1017
1016
1016
661
614
600
838
959
1018
1019
1019
1019
1018
1019
1019
1019
1019
612
456
309
281
218
194
214
210
277
270
214
194
194
194
194
194
194
194
194
194
194
194
194
194
194
194
194
194
194
194
194
194
194
194
194
